6,6
14
E,0,6
E,2,1
E,6,6
O,3,1
O,4,0
O,5,1
O,1,0
O,1,1
O,1,2
O,1,3
O,1,4
O,1,5
O,1,6
O,2,3
O,3,3
O,4,3
O,5,3
O,3,5
O,4,5
O,5,5
O,6,5
R,0,0,0,0
R,1,5,0,0
R,2,5,2,0
R,2,5,2,1
R,0,0,0,1
R,1,6,0,1
R,0,0,1,2
R,2,6,2,2
R,1,6,1,2
R,0,0,2,3
R,2,6,3,3
R,1,6,2,3
R,1,5,2,4
R,0,0,3,4
R,2,6,4,4
R,0,0,4,5
R,2,5,4,5
R,1,4,2,5
R,0,0,5,6
R,2,4,4,6
R,1,3,2,6
R,0,0,6,7
R,2,3,4,7
R,1,2,2,7
R,2,2,4,8
R,1,2,1,8
R,0,0,6,8
R,1,2,0,9
R,0,0,6,9
R,2,2,5,9
R,1,2,0,10
R,2,2,6,10
R,0,0,6,10
R,1,2,0,11
R,0,0,6,11
R,2,3,6,11
R,2,4,6,12
R,1,2,1,12
R,0,0,6,12
R,0,0,6,13
R,2,5,6,13
R,1,2,1,13
R,2,6,6,14
R,1,2,1,14
R,0,0,6,14
C,0,0,1,0,0
C,1,3,0,0,0
C,2,6,2,0,0
C,1,3,0,0,1
C,1,3,0,0,2
C,1,3,0,0,3
C,1,3,0,0,4
C,1,3,0,0,5
C,1,3,0,0,6
C,1,3,0,0,7
C,1,3,0,0,8
C,1,3,0,0,9
C,1,3,0,0,10
C,0,0,0,1,1
C,2,5,2,1,1
C,2,6,2,1,2
C,2,6,3,1,3
C,2,6,4,1,4
C,2,5,4,1,5
C,2,4,4,1,6
C,2,3,4,1,7
C,2,2,4,1,8
C,2,2,5,1,9
C,2,2,6,1,10
C,2,3,6,1,11
C,2,4,6,1,12
C,2,5,6,1,13
C,2,6,6,1,14
C,1,2,0,1,11
C,1,2,1,1,12
C,1,2,1,1,13
C,1,2,1,1,14
C,0,0,1,1,2
C,0,0,2,1,3
C,0,0,3,1,4
C,0,0,4,1,5
C,0,0,5,1,6
C,0,0,6,1,7
C,0,0,6,1,8
C,0,0,6,1,9
C,0,0,6,1,10
C,0,0,6,1,11
C,0,0,6,1,12
C,0,0,6,1,13
C,0,0,6,1,14
